2
1 2
2 3
-----
3
2 -1 -2
-4 6 3
-4 -2 8
-----
3
1 2 9
2 1 4
4 2 1
-----
4
1 2 9 4
2 1 4 3
4 2 1 2
1 4 3 2
-----
5
1 2 9 4 7
2 1 4 3 6
4 2 1 2 5
1 4 3 2 3
4 4 5 3 7
-----
6
1 2 9 4 7 3
2 1 4 3 6 5
4 2 1 2 5 8
1 4 3 2 3 1
4 4 5 3 7 9
3 5 6 8 1 2
-----
7
1 2 9 4 7 3 6
2 1 4 3 6 5 7
4 2 1 2 5 8 2
1 4 3 2 3 1 4
4 4 5 3 7 9 8
3 5 6 8 1 2 3
7 8 6 5 3 2 1
-----
8
1 2 9 4 7 3 6 5
2 1 4 3 6 5 7 8
4 2 1 2 5 8 2 1
1 4 3 2 3 1 4 3
4 4 5 3 7 9 8 7
3 5 6 8 1 2 3 2
7 8 6 5 3 2 1 4
8 7 5 6 4 3 2 1
-----
9
1 2 9 4 7 3 6 5 8
2 1 4 3 6 5 7 8 9
4 2 1 2 5 8 2 1 4
1 4 3 2 3 1 4 3 6
4 4 5 3 7 9 8 7 5
3 5 6 8 1 2 3 2 3
7 8 6 5 3 2 1 4 7
8 7 5 6 4 3 2 1 8
9 8 7 6 5 4 3 2 1
-----
10
1 2 9 4 7 3 6 5 8 0
2 1 4 3 6 5 7 8 9 1
4 2 1 2 5 8 2 1 4 3
1 4 3 2 3 1 4 3 6 2
4 4 5 3 7 9 8 7 5 4
3 5 6 8 1 2 3 2 3 9
7 8 6 5 3 2 1 4 7 8
8 7 5 6 4 3 2 1 8 7
9 8 7 6 5 4 3 2 1 6
0 1 2 3 4 5 6 7 8 9
-----
